[gd_scene load_steps=2 format=3 uid="uid://daypvjdglg7vl"]

[ext_resource type="Script" path="res://addons/proto_shape/proto_ramp.gd" id="1_4tao1"]

[node name="Node3D" type="Node3D"]

[node name="ProtoRamp" type="CSGCombiner3D" parent="."]
transform = Transform3D(1, 0, 0, 0, 0.999743, -0.0226873, 0, 0.0226873, 0.999743, -1.90253, 0.287491, -2.96795)
script = ExtResource("1_4tao1")
type = 1
width = 2.6648
height = 1.66113
depth = 2.82165
anchor = 0
anchor_fixed = true
calculation = 0
steps = 9
fill = true

[node name="ProtoRamp4" type="CSGCombiner3D" parent="ProtoRamp"]
transform = Transform3D(0.691099, 0.0102776, -0.722686, -0.212776, 0.958481, -0.189845, 0.69073, 0.284972, 0.664592, 1.89772, 1.43802, 3.55998)
script = ExtResource("1_4tao1")
type = 1
width = 5.61256
height = 0.242583
depth = 0.381758
anchor = 1
anchor_fixed = true
calculation = 1
steps = 10
fill = true

[node name="ProtoRamp2" type="CSGCombiner3D" parent="."]
transform = Transform3D(1, 0, 0, 0, 1, 0, 0, 0, 1, 4.01191, 0.439626, 2.68977)
script = ExtResource("1_4tao1")
type = 0
width = 0.937375
height = 1.13634
depth = 1.23999
anchor = 1
anchor_fixed = true

[node name="Node3D" type="Node3D" parent="."]
transform = Transform3D(0.983185, 0.0259166, -0.180765, 1.86265e-09, 0.989878, 0.141921, 0.182613, -0.139534, 0.973233, 0, 0, 0)

[node name="ProtoRamp3" type="CSGCombiner3D" parent="Node3D"]
transform = Transform3D(0.983185, 4.02211e-09, 0.182613, 0.0259165, 0.989878, -0.139534, -0.180765, 0.141921, 0.973233, 0.176695, 1.37594, -2.49449)
script = ExtResource("1_4tao1")
type = 1
width = 1.54705
height = 0.125125
depth = 0.252809
anchor = 0
anchor_fixed = true
calculation = 1
steps = 9
fill = true

[node name="CSGSphere3D" type="CSGSphere3D" parent="."]
transform = Transform3D(0.942641, -0.0328174, 0.33219, 0, 0.995156, 0.0983124, -0.333807, -0.0926734, 0.938075, 2.5491, 0.97075, 2.06935)
radius = 0.594914

[node name="CSGSphere3D2" type="CSGSphere3D" parent="CSGSphere3D"]
transform = Transform3D(1, 0, 0, 0, 1, 0, 0, 0, 1, 2.56233, -1.07963, 0.0119431)

[node name="ProtoRamp3" type="CSGCombiner3D" parent="."]
transform = Transform3D(1, -3.72529e-09, -2.98023e-08, 3.72529e-09, 1, 0, 0, -7.45058e-09, 1, 2.23084, 3.61641, 1.19209e-07)
script = ExtResource("1_4tao1")
type = 0
width = 1.18598
height = 1.0
depth = 1.0
anchor = 0
anchor_fixed = true

[node name="CSGTorus3D" type="CSGTorus3D" parent="."]
transform = Transform3D(0.942641, -0.0328174, 0.33219, 0, 0.995156, 0.0983124, -0.333807, -0.0926734, 0.938075, 0.0348182, 0.776238, 0.870972)
